theresa
12      12      12      12
12      12      12      12
12      12      12      12
9       10      9       8
12      12      12      11
12      12      11      11

5       7       7       7
7       7       9       8
9       8       9       8
9       9       9       8
9       10      10      9
5       4       6       6

109     112     113         115     118         112
9.083   9.33    9.416       9.583   9.833       9.333

backyard
11      11      11      11
2       2       2       2
5       6       6       6
10      8       10      10
10      10      10      10
6       5       6       7

6       5       5       4
4       5       4       5
5       4       4       4
6       7       4       4
1       1       1       1
6       6       5       5

75      76      72      70          68          69
6.25    6.33    6       5.833       5.667       5.75
    
jarjar
10      9       10      10      
10      10      10      10      
9       7       10      10
12      12      12      12
11      11      11      12
11      11      12      12

11      12      12      12
11      11      11      12
12      11      12      11
12      12      12      12
8       9       11      11
10      9       9       9

126     127     127         124     132     133
10.5    10.58   10.583      10.33   11      11.083

miggy
9       10      9       9
11      11      11      11
11      11      11      11
3       2       1       1
8       8       8       8
10      10      9       10

12      11      11      10
12      12      12      11
10      10      10      10
10      10      11      11
10      8       9       10
8       8       8       8

114   113       114     111     110
9.5   9.42      9.5     9.25    9.167

uncle
7       7       7       7
7       4       6       6
4       2       3       3
11      11      11      11
5       3       5       6
9       9       10      9

3       3       3       3
1       1       1       1
11      12      11      12
11      11      10      10
12      11      8       8
12      12      12      12

96    95        93      86          87      88
8     7.92      7.75    7.167       7.25    7.333

gypsy   
    
8       8       8       8
8       9       8       8
8       10      9       9
5       4       4       4
1       1       4       4
2       4       4       4

10      9       10      11
8       9       8       9
8       9       8       9
8       8       8       9
11      12      12      12
3       5       4       4
        
73      70      80      88      87      91
6.083   5.83    6.67    7.33    7.25    7.583

rays 
6         6     6       2
3         3     5       3
6         8     7       5
7         9     7       6
4         2     1       1
1         2     2       1

7         4     4       6
9         8     7       7
4         5     3       5
3         3     3       3
7         7     7       7
7         10    10      10

73      75      64      67          56
6.083   6.25    5.33    5.583       4.667

didi
4       5       5       6
5       5       4       5
10      9       8       8
2       3       3       3
2       4       3       3
4       3       3       3

9       10      9       9
10      10      10      10
6       7       6       7
4       4       5       5
5       6       6       6
4       2       2       2

69      68          65          68      67
5.75     5.67       5.4167      5.667   5.583

kevin
5       4       4       3
9       8       7       7
2       3       4       2
8       7       8       9
6       7       6       5
8       8       7       6

8       8       8       8
6       6       6       6
7       6       5       6
5       6       7       7
2       2       2       2
1       3       3       3

64       68         67          68          64
5.33     5.67       5.583       5.667       5.333

steven
2       2       2       4
6       7       9       9
3       4       5       7
1       1       2       2
3       6       7       7
5       6       8       8

4       6       6       5
2       2       2       2
1       1       1       1
1       1       1       1
4       3       3       3
2       1       1       1

33      27      34      40          50
2.75    2.25    2.83    3.333       4.167

vino
3       3       3       5
4       6       3       4
7       5       2       4
4       5       6       7
9       9       9       9
7       7       5       5

2       2       2       2
3       4       5       4
2       2       2       2
2       2       2       2
3       4       4       4
9       7       7       7

53        55        55      56          55
4.4166    4.58      4.583   4.667       4.583

goku
1       1       1       1
1       1       1       1
1       1       1       1
6       6       5       5
7       5       2       2
3       1       1       2

1       1       1       1
5       3       3       3
3       3       3       3
7       5       6       6
6       5       5       5
11      11      11      11

51      50          52      43          41
4.25    4.17        4.33    3.5833      3.417



    puts jar        99.98       (+0.05%)
    puts theresa    99.93       (-0.04%)
    puts miggy      97.96       (+0.08%)
    puts uncle      96.89       (+7.1%)
    puts process    73.97       (-6.04%)
    puts kevin      20.34       (-10.95%)
    puts gypsy      84.90       (+2.96%)
    puts dan        0.52        (-0.98%)
    puts vino       4.74        (+2.04%)
    puts didi       10.95       (+5.38%)
    puts backyard   8.59        (-0.76%)
    puts steve      1.23        (-0.11%)
